-955.775629908 638.567693102 1
392.269278405 917.013376408 1
332.549223975 -965.867668079 0
-426.560124635 -370.79325492 0
544.988109566 708.627830245 1
-745.930622478 733.961944485 1
-793.8620078 -459.241346323 0
727.91979302 202.569724885 1
-971.810815966 -649.534228692 0
-824.21826232 270.679659619 0
485.636672221 -684.990664612 0
251.925158426 74.0913965582 1
536.357980528 90.5921730768 1
-238.150034512 -186.319054535 0
-778.828012642 291.740806711 0
424.460351816 337.568142285 1
907.047668153 754.266293827 1
140.609175396 -298.490880829 0
-839.91846796 810.733714312 1
-922.132484006 976.187684443 1
-340.852081125 -543.061026619 0
-363.284364808 -82.7745066812 0
-778.246017075 -624.6764395 0
917.798503784 -320.990193691 1
-411.235568212 893.756435302 1
630.454687665 850.070562097 1
830.813702535 192.87254417 1
-208.173960476 -828.46696521 0
-989.079641351 824.023357973 1
179.361747046 985.238310177 1
569.309345842 -14.2325840467 1
-782.814945897 945.234960647 1
299.296940867 -444.333586359 0
421.482092276 -148.36590924 1
-451.587840893 509.176940969 1
342.498289146 -212.109351054 1
685.433462875 -871.673104461 0
981.700148589 -268.770555453 1
-326.334183677 165.322186851 0
657.11456021 340.544023654 1
-192.259761235 -686.455812248 0
896.642046157 830.80337386 1
539.243320945 773.090926852 1
860.684387308 485.729465796 1
401.703168367 -158.434487549 1
-442.398365069 -958.826046329 0
-972.40786093 23.434940143 0
-98.5979237127 -762.175496971 0
-349.551627006 -374.915039778 0
-680.331410308 -906.070196461 0
-214.641894214 139.129839189 1
-608.083125161 556.280514512 1
-279.991898724 -460.007981274 0
20.5311793935 -651.261111592 0
-595.979565512 835.533500459 1
-743.917229069 -569.279003283 0
245.863307079 -949.690298019 0
-155.522055759 -414.912897589 0
0.711929266647 379.46317403 1
463.586125697 870.476792822 1
-66.3029371098 -611.517708593 0
908.978286633 793.066823274 1
227.035967767 733.920491001 1
992.45061474 -130.131419463 1
-604.867522429 -820.500798409 0
-151.28110292 512.547002818 1
862.328724935 475.263653404 1
-732.715105003 -635.798824059 0
227.763968456 -545.330003772 0
636.529403701 -558.782445856 0
980.148062482 -130.227830453 1
313.259364769 -264.855251596 0
-68.6097951402 -664.911549782 0
-323.930348685 -742.489143373 0
-906.212257411 -222.2557437 0
-162.26551579 -46.3073902166 0
989.50370298 -829.189597739 0
-144.263393223 562.11213531 1
-311.738339443 -114.649387291 0
203.632804543 -872.617491968 0
-95.0995052316 73.1503280154 0
580.594784591 -327.806393731 1
-514.3648074 387.576169345 1
-793.44809525 663.792085322 1
696.832342291 -254.583804542 1
168.716715378 164.550579895 1
659.414020164 -920.801560461 0
154.727723966 -788.378699704 0
-428.846357223 749.713075851 1
-437.743445874 664.505943779 1
-68.7531991017 -924.422251947 0
-701.848519057 292.629141106 0
692.294916976 -142.3113855 1
828.209882855 -319.533789035 1
-82.6577941296 -912.330001217 0
410.968777589 543.524335278 1
-203.556846406 -566.776627865 0
-337.781027059 633.470451593 1
509.453248996 809.152790781 1
-53.4887085717 148.698285964 1
971.295359667 40.6573165882 1
-249.088197335 -144.269054867 0
-701.972051453 -276.587392557 0
311.533425494 -431.341557398 0
-819.908031572 -398.381755796 0
-987.171413471 54.5027023664 0
288.366954276 30.3100089864 1
-321.891986824 725.813707713 1
-459.572268054 18.3560569474 0
186.929416372 -141.818312697 0
-790.949450189 304.455860911 0
-112.634199206 38.650574117 0
-651.350151508 297.700814881 0
-653.396586991 -194.294677296 0
491.161817862 917.261076583 1
476.375778149 -355.162443251 0
82.3073853161 87.9448466082 1
-803.388217906 833.976025659 1
316.439444827 -593.593054559 0
-646.744376776 -927.782335549 0
198.655342051 509.669532596 1
144.475180253 -802.352534161 0
-516.656043142 -718.80303959 0
-809.763742337 732.569806919 1
-664.606503402 -695.031537896 0
225.732248903 -286.257395192 0
-50.064176389 501.309535778 1
365.075676652 -537.87210839 0
282.683876082 7.11811932595 1
564.027648661 -787.244249606 0
611.491235819 994.475347588 1
-477.761992931 621.702927277 1
583.746273775 -304.628977589 1
-502.908037073 -311.7848668 0
-794.148597969 107.135686295 0
-131.223706261 989.117464762 1
-439.028643552 113.341658946 0
853.817011272 -92.6104039511 1
585.737717797 -932.136427705 0
-581.476381764 604.543838374 1
720.372531517 601.343054646 1
-699.224478875 -801.435092527 0
-345.359449391 -838.544926435 0
-151.492549575 -0.180525805559 0
701.755723939 739.777580663 1
-789.229452001 549.179692059 1
828.651296107 -311.445354252 1
505.687764504 134.202200496 1
621.878512952 -619.825955462 0
-208.417377696 213.806143924 1
-221.903068794 625.107298847 1
608.559483753 121.877573223 1
119.382304992 32.0740952445 1
627.160271351 -654.310837997 0
-268.532400597 559.498251129 1
-394.493895335 222.903826334 1
760.309022755 -869.025275511 0
-814.403405118 -461.732047829 0
-538.253557455 -408.944736304 0
-828.035017656 -41.8214486903 0
-850.777092651 417.471235693 0
-780.422460535 -625.333197462 0
-270.705986542 231.159981777 1
252.605539357 -806.168329489 0
-51.572535832 -892.165163592 0
404.943510094 753.030401591 1
451.315865712 988.71149239 1
-822.653975631 64.7877170325 0
665.235423393 -507.43938214 0
-204.281514322 -346.818385297 0
-808.174525769 365.399605767 0
544.999667693 0.344523196056 1
-21.9865292342 -740.511297682 0
0.508718592036 -921.576541022 0
-542.015669794 789.278388754 1
193.974334664 313.626845484 1
436.923974734 -362.54678226 0
655.213210478 353.213337134 1
409.760742142 -765.042267842 0
426.922971697 -965.38228993 0
-482.891923666 -293.82198461 0
705.694070304 322.827198192 1
700.347817387 401.464993957 1
-89.8927472112 747.501718107 1
-953.433483828 930.400834192 1
-920.9193734 130.016484385 0
548.494056319 -578.850745482 0
741.68864206 -91.692252985 1
369.494621518 -687.988821045 0
-967.66243929 736.054078417 1
-66.2092724616 584.86204852 1
-719.075864177 737.771032698 1
415.119822133 -293.512221377 1
-673.352337367 272.135958894 0
783.43944037 618.67179493 1
-230.181722641 468.488819708 1
-913.697816208 6.32627060797 0
692.384028614 -12.2977675053 1
-416.53460125 924.102127425 1
402.735381668 -858.123768259 0
-903.176462137 -225.238122423 0
488.304967394 34.9823471882 1
527.655771616 -176.588752889 1
-413.057134234 985.058504311 1
-154.003493179 927.126424075 1
901.475969292 -804.547626573 0
36.0552149825 -197.030353967 0
-989.075890426 317.763659873 0
-338.934000154 5.30135345777 0
920.819223415 -692.832219002 0
-35.5180768194 -173.16780196 0
191.139300636 192.438020991 1
351.760596586 839.261255068 1
559.94889161 -716.093099945 0
206.108813255 -410.967700703 0
-481.828290819 -823.801829381 0
-885.507455212 -209.518840489 0
281.711226507 -237.180677979 0
-825.20790824 342.522805486 0
6.23626641367 888.109057756 1
107.998214643 -782.130202631 0
-891.158204956 -155.712434102 0
921.182929227 -447.820674457 1
226.840333043 -393.873703771 0
825.241368656 231.152389649 1
-12.9757043699 -631.163985806 0
-948.334746753 231.619844341 0
-654.123234923 177.611950762 0
-466.618995603 210.873932936 0
-596.101801625 -679.713697507 0
3.13871817277 774.732696718 1
844.031025863 251.315840514 1
194.636036032 205.822454532 1
263.574119396 -714.450781789 0
282.198540566 -82.6459090267 1
-580.158013226 653.365566141 1
970.026461933 382.133303346 1
652.113474833 284.846672259 1
-919.786876969 285.08108735 0
-264.886132867 337.152276345 1
52.6245817768 -655.612973118 0
-225.001689052 -931.655719337 0
-232.517443936 806.036190354 1
824.878190762 433.911387917 1
-679.261944561 829.028546435 1
-280.845014501 -938.435007281 0
-622.250124402 974.098224167 1
-211.333632111 -555.381303438 0
961.596123959 -827.796236435 0
703.698746063 505.2933168 1
350.744267824 43.6483552585 1
-494.681061983 -453.332592144 0
240.156191466 -213.757429178 0
80.9879306387 -281.139082671 0
832.931965242 -593.262284678 0
-522.497270285 -373.315308323 0
825.203666149 -569.124574779 0
-127.290191016 -427.156737807 0
892.667687571 377.675316907 1
-959.241052526 121.936775007 0
-755.831402084 -363.694096601 0
-806.386916104 -525.336798369 0
443.55008451 -133.815022601 1
649.990707107 724.007706517 1
258.063734937 -359.026495971 0
-50.0446623915 486.013462053 1
566.52905343 -102.941092889 1
571.968061276 -200.793421786 1
104.20888835 -420.761009019 0
-854.302871638 -832.494667973 0
440.230421865 -211.067841358 1
-829.371884135 209.784341543 0
-327.093212026 -716.430610822 0
-545.414144741 779.795233291 1
577.30759204 535.90207174 1
-208.485290033 953.470182677 1
172.642893732 -759.430526462 0
705.001024638 -185.03388845 1
923.158912426 -746.285028173 0
191.954629565 -129.74164613 0
615.421211385 610.288406467 1
-147.671524153 -969.626082745 0
-749.445869025 933.555328665 1
280.611907585 -804.601589847 0
-393.010150375 688.547873857 1
171.599202001 -946.766636022 0
836.932029101 -23.2785131575 1
77.3951901906 -239.049825551 0
-445.764569127 -884.6377667 0
215.985938308 -834.300725251 0
984.369444821 365.887428361 1
664.485588671 -55.6910153936 1
827.995203492 -889.720504257 0
11.2110991906 49.6459664044 1
-107.170596907 206.463967644 1
266.711195782 -396.279908735 0
-667.600810055 -396.982313705 0
-734.863955151 477.595489157 1
-710.862322294 -476.768439833 0
992.404216816 -61.3240725487 1
-17.3729688519 840.262233285 1
-138.000940476 -199.097529315 0
-132.755139265 799.042030501 1
-902.874714082 -564.01653897 0
987.778696554 -420.906945141 1
-32.2411307612 -750.906755099 0
-429.481109215 -555.930297258 0
991.971951353 -555.155057521 1
103.065369555 -7.65157278628 1
963.957517536 -11.7268780301 1
-224.604827059 970.744666319 1
-488.092273344 -428.01845481 0
487.00127582 -845.467192097 0
171.55349747 -372.848440566 0
452.492801313 -606.738189614 0
-58.3520099941 -495.663753743 0
596.516352462 -613.977078144 0
-587.068084933 798.892205269 1
-485.394990489 25.7938132566 0
-741.96931154 774.329022494 1
-891.199695378 -124.071552313 0
720.92333301 -893.102939417 0
361.152580832 23.3689720347 1
756.512911394 775.989897276 1
-572.978910388 950.395110474 1
345.163545035 -547.26673266 0
168.955008948 791.097554363 1
692.60667846 932.080310725 1
997.71498127 -15.1609003422 1
-319.393865672 227.379609785 0
-537.706305567 -698.287075326 0
685.384633968 557.059393661 1
117.617444609 483.953875102 1
537.579801325 302.512380587 1
-709.404575305 812.282032579 1
-167.695732453 329.102543262 1
948.64043802 542.260527208 1
100.594760632 -994.54552754 0
-187.184382376 331.024631667 1
364.293526341 186.310653888 1
450.003204505 -256.05460231 1
691.967324477 -905.351103926 0
601.718883486 -268.631242075 1
-466.905712984 14.0043736021 0
767.526885032 614.648711918 1
-709.76759227 -320.449853096 0
118.261810119 -548.119322571 0
336.840493714 614.941744068 1
799.861152005 -884.859353651 0
595.008029069 -944.360651036 0
214.181956854 -119.704179653 0
762.889821886 935.729918395 1
-804.451873474 -47.7204927278 0
-104.402184653 701.42366626 1
602.864476085 -74.4826603114 1
-27.1833969588 -87.3491534557 0
-391.571957728 -676.257728214 0
-333.63669235 359.127239135 1
-100.092712779 301.506879796 1
836.199798794 -81.6091276462 1
462.283993457 959.085425348 1
-769.990452135 639.27170758 1
121.122307404 -692.170665869 0
614.141155692 309.28416045 1
-536.092990148 -771.908057539 0
-118.308563005 -129.304615625 0
-29.7809446604 301.389301269 1
888.22372388 538.861997103 1
562.276611757 552.077217047 1
-691.26188979 731.817859931 1
909.668536737 -365.930893032 1
-335.960652662 -93.6308804362 0
-425.518714705 914.026509131 1
-512.69686818 978.07255281 1
495.87953673 371.202440218 1
-138.233056145 630.737388416 1
249.981932647 -831.126431683 0
538.164200575 165.142673073 1
93.8666459193 -900.57348721 0
-179.128676085 -975.244814657 0
-993.177943812 -519.297905352 0
-60.2880726208 -933.399729709 0
212.903081243 -321.502785167 0
836.195278915 733.7968539 1
651.175972078 -166.271417538 1
-475.991212759 -789.725191452 0
-217.956715556 140.636108881 0
-588.809788109 907.392686405 1
-327.950112831 214.454096659 1
60.2542089901 4.31306920564 1
-292.384771058 704.102860563 1
824.842129379 216.14460972 1
-866.464000863 -362.079819515 0
229.42355519 -972.028353002 0
479.720509839 735.980376673 1
-492.018043708 -426.989438146 0
-977.309710573 679.30835088 1
670.423986164 275.284678249 1
577.43469575 808.137675953 1
-448.27701707 -161.393602614 0
785.089142964 971.191532345 1
-545.442739502 191.357680374 0
-648.616676777 982.371612608 1
206.234907544 -346.193647249 0
579.448089355 680.163620382 1
-293.848845683 689.84296054 1
-784.313068904 924.09095627 1
877.272929293 -548.600600181 0
919.441126527 501.902657074 1
-821.731411436 194.766715374 0
291.028749656 -789.431630651 0
356.279730658 807.019091708 1
-860.574915699 -474.888101339 0
-517.302673457 -535.535655526 0
-234.509511984 -862.028898758 0
-999.704810341 -281.419447293 0
-605.102727095 240.513359323 0
-679.337068398 -952.13321146 0
727.629033505 149.688320403 1
422.181178367 -891.547715334 0
730.038266689 284.490930311 1
451.660831261 144.929973608 1
-739.770246312 502.026446875 1
-202.928068307 81.3890260973 0
411.860223791 450.045375573 1
614.952560964 -128.103698016 1
-747.348277216 -94.2762132693 0
17.3211455196 134.519295925 1
-408.872915733 -297.129863263 0
136.99060058 765.1054376 1
-697.334800632 323.509294698 0
597.837936647 -813.432959065 0
-237.900298232 886.333232253 1
615.324005377 -534.091647236 0
663.757136203 -10.4712295391 1
-709.763466833 577.135594761 1
652.861351965 471.131268518 1
998.63286029 25.016058107 1
711.022187827 -699.463008467 0
-832.582960426 -187.252722753 0
-206.72384844 -487.922651654 0
644.070558804 -989.152551039 0
-640.071167834 637.093518573 1
389.210180763 326.872111551 1
309.328136212 -326.93742203 0
-838.814940925 261.197061072 0
-520.139502573 456.426317461 1
-520.168873516 882.118568536 1
242.880045882 878.253048728 1
-682.084520282 972.414873922 1
-640.925887061 -698.300438095 0
-695.247458599 861.198542118 1
993.971982016 190.483064854 1
438.231490552 -838.490609062 0
430.280934485 477.961400702 1
-680.177819942 -911.86468212 0
605.923947578 -193.605307124 1
365.514667504 -978.809637502 0
198.609984289 -319.193727237 0
-867.203698661 -151.115854526 0
-123.467664692 777.622420318 1
-827.174179078 849.485882599 1
609.723625578 -968.434109172 0
222.173464207 -99.0314616997 1
-591.02963445 812.001386463 1
167.401915809 569.862004724 1
602.094241285 111.228347911 1
291.658327858 -672.91022176 0
-774.456794518 434.56640034 0
-392.053397691 779.525994586 1
-200.211444154 280.747618425 1
-564.173255303 442.88756031 1
-490.570159133 428.5570272 1
-530.424599649 -252.742011295 0
-542.044996442 387.162850025 1
-585.069352872 566.901560187 1
-738.926370412 -490.141076371 0
-540.1699162 -740.041998083 0
-312.728410898 -468.399458801 0
-861.871120327 123.961922993 0
438.883319827 -172.310152307 1
503.198444414 -772.183443154 0
-494.957447928 -421.0517133 0
106.08870879 -248.37990702 0
310.223522152 -589.616955423 0
434.888436434 -178.629552598 1
-480.528820737 816.070641747 1
-28.0170687304 -387.582223102 0
787.805416217 -986.161907844 0
-807.914177459 341.46090041 0
-599.772934086 885.082722335 1
292.350019071 -586.543160511 0
815.863749941 -218.935492412 1
733.940903476 -859.348544385 0
7.80226969508 488.957922148 1
455.896706957 38.7744476217 1
418.250081303 547.806880727 1
-123.791324592 -456.240717501 0
826.367377123 -628.68490426 0
-65.0003021506 -164.039375433 0
-462.528976587 57.5200085182 0
-295.168140824 497.811316655 1
285.262718237 -883.953251838 0
-293.557246933 37.416141432 0
-726.47702555 -990.781824753 0
505.806189823 541.505649161 1
866.654324671 -526.539233555 1
942.831231856 -125.606821825 1
-981.238964778 569.011914159 0
-68.1748517979 -667.698950123 0
142.824038561 608.276227007 1
-40.596348338 -275.495657752 0
720.800148497 177.463988538 1
780.041226623 -557.270267003 0
-735.889145836 -880.909577407 0
837.856043956 -381.877932921 1
-465.301068997 248.626675213 0
238.720952879 -241.543427266 0
426.461088993 177.105882583 1
44.3582953783 -616.46156706 0
-720.257454653 893.01139941 1
257.846265823 559.504776052 1
537.175191333 116.191592598 1
-791.307702117 -428.014607858 0
301.463118663 -802.055939803 0
564.789875449 -634.742718247 0
-691.556863668 -900.62518459 0
368.243885338 -611.830973029 0
199.042056954 -579.596958883 0
-2.29187883915 -83.1845705585 0
-873.076028804 -253.29707988 0
91.3638852407 -719.39392396 0
946.85008392 -912.272785634 0
-362.112150511 -610.829457723 0
608.748994503 74.5516576554 1
-538.348130899 -813.760241078 0
-166.790476668 786.98180588 1
-347.237603667 389.695380855 1
724.609851175 901.531555015 1
-369.383715477 -33.7044167656 0
322.629293693 761.703379268 1
-937.791356428 -374.817116019 0
18.3439247237 -48.0009947778 0
369.155269441 299.630719817 1
-225.858926721 -841.666784929 0
587.887960819 -818.378117508 0
-563.568335615 359.41115997 1
343.43043762 557.916435469 1
-861.383103314 592.342270946 1
615.525010542 830.706166273 1
811.952335321 546.275732205 1
-88.5318196129 241.94767515 1
-248.712946028 -150.521065705 0
629.925566634 679.699526602 1
64.6471558096 -652.476083072 0
226.325603035 503.681450066 1
-175.292371882 980.890707924 1
-123.50206326 853.188871069 1
498.119510921 33.5223118998 1
939.44596714 -690.15433441 0
226.967595556 162.826049134 1
200.486146229 442.837132721 1
696.694409488 653.222515966 1
605.099357975 622.108656823 1
619.234948224 872.320675869 1
733.650798987 -741.296293527 0
315.903354156 415.505510447 1
425.701441163 760.000136655 1
885.248570336 709.045417623 1
871.880638776 361.864459625 1
623.201319569 -691.073500827 0
-406.554073323 816.459079274 1
-389.245231672 540.653435169 1
-297.253461798 478.164050702 1
-80.0478685879 627.107425655 1
-365.421923046 275.815933447 1
-136.5848858 -504.516687751 0
556.848290367 325.977780759 1
-660.331315121 463.992279649 1
-604.642638458 -934.142815598 0
-553.255529427 940.96008418 1
-940.072011213 -792.34742454 0
816.56927417 -145.474750888 1
957.066007942 -495.882062837 1
-532.503582731 -891.232498741 0
839.232237926 -283.738619561 1
422.140734568 214.410383843 1
815.18380845 -928.003985926 0
451.156933964 -251.664594936 1
-148.114722359 390.109865232 1
440.935761763 970.178781392 1
-882.002062191 -151.062155848 0
383.659517006 -925.618647097 0
709.128914975 -266.124437226 1
-868.734662104 -24.3626321162 0
286.460736696 25.4149977975 1
49.8256779586 419.040772356 1
791.858052051 707.823332851 1
-219.485367781 139.887246822 1
444.217036716 -491.672226129 0
553.743478889 452.815142146 1
-632.463123149 11.8194108102 0
-698.741092775 255.153157088 0
-715.336179449 291.356134497 0
274.81312534 -172.935923183 1
-816.036256082 -908.761289425 0
-876.51911641 -904.362448059 0
-714.251130734 -288.367664565 0
-467.790016487 -471.169220518 0
159.949199617 158.731220781 1
-91.3525215566 -80.7723256402 0
-258.503508806 966.264006907 1
-259.704216496 307.170592555 1
707.525843233 -510.763047083 0
191.689020726 -245.405986031 0
-36.4912894742 593.872825581 1
36.085468205 674.561623236 1
-892.809737567 460.345075158 0
-791.132268457 -424.062876789 0
-226.45725261 -767.181379246 0
30.3602005555 -129.276760203 0
999.885468068 450.803296338 1
371.275724997 -195.367000043 1
-371.918181454 683.838804187 1
-100.405740996 635.274886274 1
156.273257567 507.989884197 1
-116.970281088 -689.19013021 0
469.330607829 -822.27886369 0
-836.357738807 383.916023224 0
-773.641049071 41.9185183359 0
-783.294737877 -297.589092088 0
-40.9277784561 199.908819463 1
247.7579783 -739.036778373 0
-781.158959979 109.942488359 0
757.33973851 -586.891102448 0
-347.369295985 444.260357502 1
812.722435437 -589.788235001 0
80.8128557191 -878.37623375 0
903.441023632 -915.473032519 0
-97.1166509125 -224.369596013 0
692.219169125 423.729578622 1
-365.928464909 502.812448822 1
-511.648649847 905.558539669 1
270.732040737 -343.767004005 0
159.637855862 -138.554777766 0
356.406157194 868.695022203 1
-48.642189562 387.549616858 1
430.937537181 -95.9934061963 1
917.483527856 -273.077285854 1
-728.337422571 -451.877237742 0
-672.303418396 660.133367822 1
-310.366516674 -885.017078186 0
-978.65794649 -88.875180774 0
-296.547449795 -380.515179619 0
532.558039331 166.104707025 1
957.77674662 674.119590803 1
-160.889277939 4.34892335844 0
332.381256121 36.8301746496 1
-248.890261669 378.744493361 1
702.154119441 -154.703276759 1
-374.201739164 -246.760321053 0
433.132053203 -64.0522955618 1
556.562848774 -757.32137519 0
-24.7810957482 210.069814747 1
994.733852326 -415.037845398 1
640.740745148 440.820047455 1
398.021963615 431.011192544 1
-178.887021286 -998.090380162 0
-380.171024371 -715.822685128 0
342.353145848 894.762253872 1
-664.971040008 91.1588693717 0
365.255892032 -584.359437482 0
-426.567821503 -71.5453384957 0
-793.415183523 -663.125728248 0
-929.72347993 946.304695142 1
853.274224151 25.481832184 1
752.777078065 -833.686918329 0
-492.360902926 -663.656434819 0
167.652729425 404.633544968 1
-144.327699769 -651.565950723 0
784.756288519 679.800993439 1
-115.657181174 -258.263782428 0
-363.627804091 658.197324396 1
185.026731204 535.019724923 1
-351.817836884 -173.576654621 0
348.30598893 775.111091971 1
268.599898058 738.614038949 1
425.382200362 611.610752443 1
-870.100150469 723.425297036 1
-592.503940309 429.577734047 1
-148.256036942 -887.669755999 0
68.2298649627 976.783897464 1
-34.5188979241 0.174869893279 0
30.3004352052 -958.627808525 0
-335.410305517 -197.792348067 0
803.660159055 200.337275375 1
102.064402217 689.010898567 1
-461.314469798 750.483374078 1
94.6301138538 -723.354550814 0
-562.256542065 -931.076197607 0
826.990213812 -349.764770792 1
968.47493945 382.208314805 1
550.537021318 -944.141473616 0
-118.610270053 -16.8068935592 0
994.684036522 691.022555226 1
-607.486778596 -49.8964643737 0
898.708761748 -378.719064011 1
-275.197325815 -654.28982557 0
612.903756955 -315.380738083 1
-608.696991154 263.256598197 0
424.103848986 -658.381332764 0
41.3085580019 -164.233609848 0
675.892748748 -352.563171018 1
-603.13188827 -126.279675325 0
-916.586801513 88.6522545568 0
252.905220084 -244.065511113 0
439.873514501 -575.213921709 0
-184.970774443 359.731463598 1
846.663289465 -318.870268488 1
-34.7358118919 -138.640477484 0
780.829574417 341.440228413 1
-87.1946646794 -73.6748999899 0
260.412260176 37.087461531 1
818.777744921 -697.285404394 0
627.738970191 -532.154961076 0
828.609135769 568.966361314 1
-253.860478817 -107.692669593 0
-108.470885521 28.8012845639 0
-45.1906547368 -377.198620206 0
-967.271991746 328.489385731 0
-607.016526529 433.051584219 1
-807.087568888 884.915029106 1
-554.721804889 595.404087741 1
-465.345700609 -860.441981075 0
-369.411836275 -117.196799913 0
690.764475284 -529.934711336 0
-670.455078084 526.60484393 1
-6.77814290918 16.7612822997 0
-847.268175444 -445.905167405 0
855.193226847 166.822381197 1
-521.479574619 136.477196138 0
534.411312442 -969.159545839 0
772.887076977 351.165466444 1
563.563615025 -862.83284283 0
94.4493313199 -918.354421605 0
-415.723870724 807.569907569 1
41.3771166383 922.45499212 1
-162.162772529 -515.888330735 0
-360.279818879 248.236181842 0
386.936501458 540.944786837 1
195.117168433 602.184860322 1
877.803861534 -924.403143279 0
770.740495169 -113.859234011 1
-449.66122219 -356.777155094 0
121.399957202 -685.218242155 0
-472.311267706 -183.943441244 0
-392.854491064 -440.180425743 0
654.789483018 454.23784467 1
-714.846371183 -864.545441823 0
514.209618231 -47.5845507062 1
22.671072123 -730.611782208 0
-275.017625148 956.938487568 1
515.680660507 813.226917087 1
-296.719643678 914.93065049 1
360.620311119 907.919001341 1
-567.11267567 -342.935649428 0
-127.766344437 403.856655873 1
259.920850129 586.750185173 1
903.767735711 -832.389497924 0
542.644734507 767.554860413 1
740.947832249 426.927223252 1
-32.0585006623 -111.157272407 0
-630.626115455 -873.044860016 0
-313.630247324 -250.644520918 0
-402.173982189 -451.452986723 0
304.366733278 778.712082281 1
164.667765136 -969.258846049 0
-430.535140315 -607.14387164 0
732.651245348 691.300430642 1
423.792388524 -105.708694487 1
729.252517861 -254.352794611 1
653.062622746 266.314013056 1
814.492678947 -921.804037939 0
936.933951055 -584.823691597 0
933.136114867 366.804653078 1
364.107553466 -539.010842868 0
914.002651608 -268.373710477 1
284.548550034 548.781006308 1
-820.070210501 -645.449573715 0
314.403565524 830.110372911 1
-60.506391698 180.044095188 1
-826.870823833 876.190828564 1
708.237968257 879.410117791 1
28.8299935626 2.21382721179 1
874.635596024 -560.443040718 0
80.4955500432 -919.116465649 0
309.601462725 438.873863986 1
873.862606844 -60.2265660438 1
-842.330815285 -430.861935679 0
-14.9266442067 -30.7556885281 0
-77.5507840651 -429.846831203 0
-233.096238452 891.219860433 1
761.968659918 -194.156403586 1
101.232186238 509.465611329 1
886.271356321 78.3109645807 1
853.539303572 -88.6189419105 1
-332.604999593 -604.055847132 0
-143.572368067 895.495958601 1
509.515716943 747.571943286 1
214.339802201 825.592272169 1
999.793130653 402.074492495 1
64.1467670987 662.812872663 1
-771.095972358 756.574194323 1
366.838538798 -572.581549672 0
-37.2556015165 793.890263777 1
838.99021614 825.893201318 1
-665.60125764 -352.180145753 0
283.096231286 347.757462528 1
271.031142975 753.403934439 1
737.730553368 -486.097382922 1
-647.390247542 224.686725964 0
642.979691294 -131.59553142 1
23.5803223817 677.477866724 1
-968.649700269 489.49487004 0
349.799015215 454.055549178 1
125.129917866 -394.38673799 0
-458.64769553 -221.05357446 0
-771.362783449 323.587327419 0
586.26633552 -113.357466706 1
-741.894439938 5.39678018949 0
-281.294559653 -866.272758837 0
433.659272845 754.889887181 1
635.992207837 -577.348162971 0
208.39306805 -889.128941797 0
826.783534826 -288.854677475 1
913.885747961 -756.118673586 0
-511.128502112 -987.553112757 0
885.897981008 -598.751288651 0
-87.7303567964 -773.87148908 0
477.861186143 -593.679028102 0
-380.993315927 505.051697715 1
-226.074109337 243.468861962 1
335.64450549 648.215688955 1
-823.489403397 -717.499354584 0
121.776314623 765.61301123 1
119.367827513 -982.518621862 0
590.602904246 431.986470284 1
-819.697840727 -818.229169952 0
301.293071116 869.566064664 1
-847.865910107 -699.024243612 0
-823.76013269 -205.208379847 0
171.281141943 288.332681289 1
775.0947888 589.396757416 1
-854.000976688 711.227484478 1
255.771597385 832.818336463 1
-233.064217084 -187.992851296 0
624.73321653 -507.942813431 0
687.261865612 -882.974571171 0
490.675485501 585.705286457 1
242.697102906 282.593290529 1
-422.600245003 -396.706820183 0
-74.6342579904 811.82146376 1
-497.512570856 -980.96175676 0
514.506170986 918.6028115 1
-559.432075854 -742.694965534 0
754.422281384 -900.436746826 0
-633.676325497 -849.434549237 0
-235.822997035 -683.556643992 0
-2.24652657422 -896.579420023 0
552.498199647 -541.885065902 0
-58.2445619741 -141.597535476 0
-978.25550495 885.567869532 1
453.339016346 716.391430828 1
731.093635517 -745.280665531 0
37.0150212857 109.20268848 1
736.244066767 -586.005032268 0
140.597829909 -60.1792169595 1
36.365095277 -625.800423802 0
-195.011112747 939.772816741 1
-902.534997179 -298.700432617 0
537.292295961 -308.495798839 1
-467.20880663 57.6305551056 0
-183.358469896 820.658559118 1
-858.511670353 -481.941503719 0
-521.660884755 -397.818103203 0
383.790416483 946.67487676 1
860.303149017 27.9164604782 1
839.623709996 -168.657690734 1
-554.367858015 -292.026385037 0
202.531218106 370.12941742 1
192.398974064 462.742178739 1
717.472664212 -321.985107813 1
515.241376513 -234.754849322 1
546.223639821 568.243037892 1
-149.687385221 898.335602502 1
-159.420679296 292.427022868 1
-224.617632971 2.95569156067 0
335.687500994 465.257660367 1
864.446364024 -945.374043159 0
-795.19693621 429.400423567 0
723.443699013 339.443406873 1
-157.735613953 -167.252586869 0
-708.925859292 678.144548548 1
696.380459342 -681.514031877 0
-330.124346113 447.712291832 1
-287.38156811 -945.547946483 0
482.272142537 -474.441919023 0
366.070225712 991.670394475 1
62.3369620229 867.94540477 1
16.5167797747 -632.004757875 0
-575.629860826 -417.907273372 0
816.891576088 -702.636975925 0
653.149850109 -879.378308953 0
626.993354138 -950.877771484 0
49.2008030578 782.948496244 1
96.8702929834 -379.810763881 0
791.340142104 208.068740004 1
204.616684694 329.399370854 1
595.653578675 569.038442896 1
-542.504391354 329.750557787 0
-787.77450375 432.529704402 0
-631.247832452 -889.30843588 0
426.192696082 387.486529225 1
925.701855857 741.753283981 1
817.053251956 -41.6607687731 1
-211.366097335 459.391167818 1
350.948065831 -592.643589884 0
-489.387515082 -578.143613838 0
-741.304969036 405.897744314 0
273.716444556 -853.729109848 0
-597.612958883 315.500269121 0
-511.366073406 -696.789678271 0
399.211201833 680.133243821 1
-837.880275139 -159.874682691 0
-770.202037672 426.06051084 0
-255.28566741 -848.657422773 0
-846.387380269 -639.328397664 0
691.451844086 634.905356544 1
770.347362643 -94.9947129727 1
763.875533182 43.8429896116 1
121.65752891 851.696989783 1
880.014039466 891.654819704 1
699.531045254 398.797921886 1
-768.861531964 -334.173951542 0
837.705634418 60.7940416204 1
379.582692175 939.365155517 1
-827.535180861 -247.08015883 0
104.646174615 383.047696497 1
-102.535333542 215.235870359 1
687.826412279 424.193995421 1
848.661266394 741.433566052 1
352.951212819 16.2369038707 1
-410.812358755 -838.544988115 0
-668.342325097 561.419677788 1
669.415684206 -807.381297684 0
-180.124454146 -964.414170374 0
957.454062478 -23.8545381521 1
604.454945675 385.192225912 1
-744.264563769 946.720882143 1
162.239518525 -363.556405084 0
-995.281281004 -716.209634294 0
591.178435372 243.360859801 1
-557.021773771 284.140086444 0
28.37203884 -804.797238196 0
-362.155723693 51.6097636985 0
228.20719783 922.188664705 1
-335.480110249 -293.882598032 0
229.696438091 839.341059131 1
-118.979381696 636.886352992 1
-728.944197523 -771.746548939 0
-768.036089281 973.814405188 1
-231.670672256 -7.8308234753 0
321.624589447 -493.303676103 0
187.918595181 579.346509996 1
127.386325213 632.752822516 1
666.831700411 -165.001447703 1
440.046855869 -356.210852746 0
887.543977067 -425.432864567 1
97.9949252804 4.18205984016 1
568.282677222 -949.269934312 0
-468.838939476 -358.169466612 0
-170.688393761 -290.529610367 0
-467.572744962 480.095516302 1
-408.508057104 544.019704094 1
836.672893899 -127.130438241 1
806.244008861 160.601606874 1
-701.562898195 -903.116141426 0
575.639239149 662.332319234 1
835.850137869 839.209782648 1
-150.152381745 -909.217993778 0
8.42885421204 -595.780464369 0
-972.586498034 330.444550897 0
-899.426216467 620.625370335 1
323.050480666 78.6286274739 1
626.157694699 -18.6341456424 1
820.270312257 -493.697944402 1
952.837424717 -638.671334009 0
476.253083931 727.06534935 1
-821.718287003 -62.7408327995 0
854.616198871 -796.908568989 0
